*****
java:   9428          0    1000002          0          0      20037          0  254395599
            java:   9429          0    1000002          0          0     843261          0  254372479
            java:   9430          0    1000002          0          0     136210          0  254359011
            java:   9432          0    1000002          0          0     472775          0  254358787
            java:   9433          0    1000002          0          0     412046          0  254358604
            java:   9434          0    1000002          0          0     393214          0  254358526
            java:   9435          0    1000002          0          0     446153          0  254358393
            java:   9436          0    1000002          0          0     435856          0  254358276
            java:   9437          0    1000002          0          0     360679          0  254358193
            java:   9438          0    1000002          0          0     434058          0  254358141
            java:   9439          0    1000002          0          0     391241          0  254358036
            java:   9440          0    1000002          0          0      63136          0  254355867
            java:   9441          0    1000002          0          0      70022          0  254355766
            java:   9442          0    1000002          0          0      75381          0  254355640
            java:   9443          0    1000002          0          0      83065          0  254355547
            java:   9444          0    1000002          0          0    1760950          0  254355129
            java:   9445          0    1000002          0          0    4743099          0  254319323
            java:   9446          0    1000002          0          0      34895          0  254312076
            java:   9447          0    1000002          0          0      93395          0  254311120
            java:   9448          0    1000002          0          0       1517          0  254254344
            java:   9449          0    1000002          0          0      12672          0  254253800
            java:   9450          0    1000002          0          0    1384405          0  254253603
            java:   9451          0    1000002          0          0    1572150          0  254253425
            java:   9452          0    1000002          0          0        278          0  254253253
            java:   9453          0    1000002          0          0     237733          0  254253025
            java:   9454          0    1000002          0          0        770          0  253967284
            java:   9457          0    1000002          0          0        225          0  251594720
            java:   9461          0    1000002          0          0          0          0  251363123
            java:   9466          0    1000002          0          0      10988          0  248613520
            java:   9471          0    1000002          0          0       3997          0  248056023
            java:   9476          0    1000002          0          0       2775          0  247620804
            java:   9484          0    1000002          0          0       5253          0  246563470
            java:   9565          0    1000002          0          0       4240          0  244300385
            java:   9577          0    1000002          0          0    1238512          0  238432973
            java:   9578          0    1000002          0          0    1209254          0  238431878
            java:   9579          0    1000002          0          0     800833          0  238431678
            java:   9580          0    1000002          0          0    1141889          0  238431066
            java:   9581          0    1000002          0          0    1188166          0  238430958
            java:   9582          0    1000002          0          0    1161819          0  238430473
            java:   9583          0    1000002          0          0    1046067          0  238430356
            java:   9584          0    1000002          0          0    1504925          0  238430225
            java:   9596          0    1000002          0          0      50654          0  225515354
            java:   9597          0    1000002          0          0      20263          0  225473721
            java:   9636          0    1000002          0          0      18796          0  222856601
            java:   9637          0    1000002          0          0   11289690          0  222834219
            java:   9638       4730     995247          0         25    1591414          0  222821767
            java:   9640          0    1000002          0          0    7269499          0  222821498
            java:   9641          0    1000002          0          0    7247119          0  222821344
            java:   9642          0    1000002          0          0    7413075          0  222821251
            java:   9643          0    1000002          0          0    7889858          0  222821161
            java:   9644          0    1000002          0          0    7064089          0  222821083
            java:   9645          0    1000002          0          0    7539329          0  222821005
            java:   9646          0    1000002          0          0    8754218          0  222820928
            java:   9647          0    1000002          0          0    7193982          0  222820858
            java:   9648     119641     876407     332008       3954   12644949        989  222818751
            java:   9649      51620     944518     405610       3864   12749568        990  222818627
            java:   9650     118335     877860     333440       3807   12713378        990  222818545
            java:   9651      68458     927640     383820       3904   12720276        993  222818457
            java:   9652     429981     567627      70260       2394   13891942        198  222818069
            java:   9653        108     999882       1245         12   28496856          3  222785040
            java:   9654          0    1000002          0          0      16122          0  222778244
            java:   9655          0    1000002          0          0      46463          0  222777216
            java:   9656          0    1000002          0          0      13777          0  222724847
            java:   9657          0    1000002          0          0          0          0  222724340
            java:   9658          0    1000002          0          0    3085989          0  222724152
            java:   9659          0    1000002          0          0    3867421          0  222723963
            java:   9660          0    1000002          0          0        291          0  222723883
            java:   9661        611     999227       2298        164    1387449          9  222723656
            java:   9662          0    1000002          0          0        734          0  222439247
            java:   9665          0    1000002          0          0          0          0  220325281
            java:   9670          0    1000002          0          0      36019          0  217872929
            java:   9676          0    1000002          0          0      48177          0  212170410
            java:   9682          0    1000002          0          0       3145          0  208249668
            java:   9689          0    1000002          0          0      77751          0  204480823
            java:   9694          0    1000002          0          0       2087          0  201855754
            java:   9707          0    1000002          0          0      62510          0  184302755
            java:   9712          0    1000002          0          0      49243          0  182364161
            java:   9717          0    1000002          0          0       1280          0  179689995
            java:   9725          0    1000002          0          0   14438768          0  168614344
            java:   9726      33750     962730      72758       3522   15159087        258  168612745
            java:   9727      37704     955824     100126       6474   16490078        499  168612491
            java:   9728      22850     972516      89071       4636   15968970        347  168610832
            java:   9729      32330     962322     257612       5350   15771983        681  168610759
            java:   9730      28110     967174     107026       4718   15787618        540  168610509
            java:   9731      32487     962149     102359       5366   14136754        534  168610165
            java:   9732      28811     965990     141639       5201   15331698        448  168610039
            java:   9776          0    1000002          0          0     165573          0   81461412
            java:   9783          0    1000002          0          0      17198          0   75368224
            java:   9806          0    1000002          0          0     217217          0   37705027
            java:   9813          0    1000002          0          0       4139          0   29616860
            java:   9824          0    1000002          0          0       6487          0   15652057
            java:   9832          0    1000002          0          0       4562          0    7913124
            java:   9838          0    1000002          0          0      11215          0    3075351
